0.00021672725677490234
0.00025270700454711916
0.00028279781341552737
0.00033229589462280273
0.0003174281120300293
0.0003447985649108887
0.00036202192306518556
0.0003914213180541992
0.0004686093330383301
0.0004311060905456543
0.0004961872100830078
0.00047067403793334963
0.0004925346374511719
0.0005451297760009766
0.0005349493026733398
0.000599064826965332
0.0005843639373779297
0.0006845951080322266
0.0006262469291687012
0.0006460905075073242
0.0007118511199951171
0.0007456016540527344
0.0007096529006958008
0.0007316279411315918
0.0007765626907348633
0.0007709693908691406
0.0007930707931518555
0.0008137321472167969
0.0008945655822753906
0.0008548331260681152
0.001037886142730713
0.0009694743156433105
0.0009348034858703613
0.0009476208686828614
0.0009668779373168946
0.0009886693954467773
0.0010633444786071777
0.0010326004028320312
0.0011180520057678222
0.0010745668411254884
0.0011456847190856934
0.0011872553825378418
0.0011332201957702636
0.0011600422859191894
0.0013168025016784667
0.0012046480178833007
0.001221320629119873
0.0012496018409729004
0.0012729859352111816
0.0013014864921569824
0.001329052448272705
