5.98435093142598e-05
2.9043888202321587e-05
3.550419969673102e-05
5.575335221117608e-05
1.3738752936344792e-05
3.0492049114431992e-05
1.6314854646641072e-05
3.685688276752546e-05
7.842078809550017e-05
2.285109367674168e-05
8.959065599397022e-05
2.045320373170479e-05
1.9324394727379516e-05
8.945772432098287e-05
1.7764163823385584e-05
9.740318502984881e-05
1.9313941421953458e-05
0.00012868782419451496
2.1110128811862773e-05
2.031125651528652e-05
0.0001117262561252049
0.00011538922868786979
2.1001664353737223e-05
2.186957459006463e-05
7.388025638383303e-05
1.968664607672527e-05
2.574440695175108e-05
2.731109308262272e-05
0.0001697815949383401
2.0719310570813617e-05
0.00020737995850957062
0.00017583642701798647
6.752017982601071e-05
3.735915917198511e-05
2.4016462951882608e-05
2.3852851047974055e-05
0.00016726246344452933
2.7549593951140803e-05
0.00019868923629778757
2.22321315822412e-05
0.00017011982081635706
0.00020235426887429495
2.6687400129170713e-05
4.918505945054361e-05
0.00025098360059263924
3.892574767918442e-05
2.6124856554862424e-05
2.8166196989134942e-05
3.6139642699869135e-05
2.4856752986402645e-05
2.8737052298141007e-05
