0.0007203984260559082
0.0014681291580200195
0.0028643131256103514
0.0021001672744750976
0.0028643727302551268
0.0034738564491271972
0.004066629409790039
0.004598577022552491
0.006629183292388916
0.005899581909179687
0.006707057952880859
0.007718594074249268
0.00788633108139038
0.008498306274414063
0.00917259931564331
0.011061429977416992
0.010436744689941406
0.010988647937774659
0.011695735454559326
0.012475855350494384
0.012962675094604493
0.013508622646331786
0.014096794128417968
0.01614734411239624
0.015414769649505616
0.01590069055557251
0.0167749285697937
0.017710263729095458
0.01833024263381958
0.01857326030731201
0.019109296798706054
0.021035859584808348
0.021927196979522705
0.021156511306762694
0.021727492809295656
0.022520825862884522
0.024092116355895997
0.023611762523651124
0.024478776454925535
0.02496365785598755
0.027000689506530763
0.026544594764709474
0.02727557420730591
0.027464642524719238
0.028269202709198
0.02879749536514282
0.030803847312927245
0.030305540561676024
0.03092385530471802
0.03132890224456787
0.032899534702301024
