0.002663837226307404
0.0004383171164624904
0.0003712487484823358
0.00018797628184283994
0.00021107227797327426
0.0003818866876917517
0.00030326597677925236
0.00017231672386300073
0.0018167697590183425
0.0003499804764777372
0.0002997838970629696
0.001642234071664411
0.0004396348876068835
0.0006784431454519967
0.0006942375103677797
0.0028988258095980343
0.0006652640830420343
0.0005987163537457558
0.0007083002951820024
0.0014361749678691838
0.0005202538698073183
0.0006061283224711798
0.0005851154201632146
0.0036213978258792254
0.0004995066124131898
0.0008064685154167353
0.0008360123438119052
0.0027628850833286795
0.0019791836575828023
0.0009061330026678697
0.0007865105013445958
0.004275198092147783
0.004640241242451656
0.001106402758311629
0.0009006718150881464
0.001504099911113613
0.003891974820933884
0.0007864473724907513
0.0012612170518066846
0.0015375137668095745
0.004884090137228405
0.0026025867155634137
0.0022326287599655392
0.0009607622366791396
0.0009571544977508282
0.0011146459472547742
0.004705283716144956
0.0012833162503680892
0.0017596380102688624
0.0014746959222721827
0.0042003621426007715
