#######################################################################################################################################
#
# Rank 3 Net:
#
# LAYER | NODES | NODES TOTAL | ACTIV | SHAPE | BATCH SIZE | LEARNING RATE | LOSS FUNC | OPTIM | HYPER LOSS | LOSS VALUE | PRED TIME
# ___________________________________________________________________________________________________________________________________
#   8   |   4   |     33      |  rel  |  lin  |    128     |   1.000e-03   |    MSE    | Adam  |  1426.19   |   14.25    | 1.431e-03 | 
# ___________________________________________________________________________________________________________________________________|
#
#
# Raw Loss Plot Data:

50.65729583281909,43.94118383383349
50.49124643734669,43.774602457503825
50.28071589212906,43.563400894109925
49.98646545331671,43.26821780331379
49.44629198449187,42.72633750969287
48.34275764576194,41.61937338801412
46.00699462785523,39.276689335982894
41.06654577196169,34.32457772125081
31.53021534941474,24.804525097893553
17.709919123236066,11.9123244121536
12.184561820308915,11.979233256721622
12.185199853058807,11.99805243900449
12.183126594121823,11.812359198482934
12.182765256176832,11.85040048171995
12.182854182627167,11.893314413332181
12.183048315580367,11.911544944049096
12.183047689350008,11.817942178070544
12.182805335784094,11.886459443030978
12.183074617226403,11.815969774996583
12.183172308557406,11.920192454787786
12.182750852535767,11.854748613836804
12.184309478215722,11.760344801019535
12.183375203434238,11.932010047327786
12.182870464864669,11.833961004525941
12.182877353497062,11.833145426659666
12.182763377442008,11.851014015818436
12.183219275264634,11.80652544014326
12.182740832601501,11.869358368960823
12.18298631861862,11.906572953297163
12.183029528655577,11.819318468613154
12.18273958010914,11.868559365652414
12.183060213951084,11.91242368339438
12.188236781615565,12.065379377234748
12.183064597558417,11.816672259402509
12.182871717343575,11.895402266959005
12.18632932077798,12.026237414608904
12.1827696398903,11.849379356645448
12.18482981065589,11.987476807891081
12.182763377442008,11.850938693825256
12.183140997318667,11.918117906105314
12.182938724777355,11.82696196911723
12.183139744867443,11.811504665200564
12.1828316379547,11.890324071216675
12.187605793811661,12.05328111732898
12.185200479178562,11.734506984735434
12.183214265491156,11.80685564449574
12.183050820501483,11.817706540027594
12.183348902437114,11.930610306278277
12.18286733366684,11.834309783908964
12.182996338350982,11.821911166057884
12.184840455010583,11.74425219913115
12.183543653712332,11.78965916523552
12.186311164974015,11.70837105488159
12.18314162354423,11.918196644412392
12.183068981164174,11.913097425052355
12.187748520102382,12.056086124712463
12.188756946400954,12.074856926680527
12.183318844085163,11.928950738545963
12.184007036513904,11.770794587648252
12.18385925688579,11.95424448393292
12.190391158477224,12.102317752013583
12.184251244682814,11.762279830315236
12.192154059290292,11.613771327533627
12.185301910153953,12.000813774490462
12.187253352872803,12.046196073605559
12.186489591529348,11.704588448427835
12.186164665428155,12.022430437235396
12.184298207231075,11.970535344363846
12.1827790335567,11.847341994266122
12.183316339219152,11.801024337532699
12.191593363070668,12.120756370183816
12.199287543834206,11.535183367518075
12.190684680064118,12.106942169931047
12.183861135451632,11.776289080057024
12.186421351506164,11.706021081709604
12.184706460690924,11.748101263641766
12.184167963985452,11.965961499985726
12.184638836829937,11.981667184108487
12.195269333483822,12.1707567281553
12.18530942352595,12.001026745422074
12.192072709875488,11.614830244829708
12.183182328136807,11.920829917127664
12.186706204117204,11.700118000707034
12.185012015679986,11.739499858750106
12.19484203929191,12.165337546573474
12.209999014239697,11.446450322068669
12.189844150563987,12.093466743089467
12.185876043648724,12.015535470854688
12.183707092090625,11.78249200805678
12.183126594121823,11.812369532596302
12.194877699848318,12.165793470288683
12.184054000003448,11.961810059616553
12.206304353357607,12.288967512943456
12.183744037627106,11.780969591117529
12.184155440523078,11.765527083963411
12.188300629751915,11.670528390358179
12.185599937023836,12.008637180936036
12.182812224453313,11.887525517930682
12.199258775550733,11.535462475828613
12.190404301385987,11.637633975002514
12.182978177580004,11.823426375416004
12.194079378920495,12.155440982679256
12.183665763052648,11.784263488517086
12.183157279172853,11.919225315804137
12.184941262849877,11.99074960842211
12.183092151625546,11.814714496664543
12.198578323327336,11.542052628620091
12.19521803394707,12.170111042353028
12.210841280411053,12.32968504962116
12.182958764312128,11.904149949103555
12.191115249050227,11.6276307769619
12.189409155354522,12.086201364685861
12.189530580039527,11.650638651226178
12.189890465686297,12.094237009735515
12.188682459664747,11.664127909227183
12.184203029611616,11.763888328419121
12.182737701370355,11.866621093090998
12.199615872698871,11.532059803882067
12.186984789791179,11.694544663129458
12.184432206040368,11.756398508207734
12.197492523159793,12.197629504430102
12.193644534798267,12.149654531080683
12.18786244953836,11.678164747097531
12.182768387400898,11.849686476024509
12.188818914011097,12.075964493862644
12.185072123956248,11.994496673035227
12.183439077048016,11.935358784160643
12.198426967580634,12.208349928774094
12.207718105676271,12.302019179928159
12.191197230665747,12.114822363470193
12.187310946049712,12.04737213731854
12.182738327616649,11.86187854421281
12.184313235208288,11.971057320842894
12.209939653527098,12.321848152551274
12.18452237263401,11.97798171222671
12.210197089476779,11.445010528226303
12.196499832095144,11.563185552944999
12.186015033732058,11.714873056607223
12.18374215904321,11.781032408468072
12.183230547247426,11.923815807989135
12.183841723590627,11.953525830697663
12.183337630563823,11.930002784185092
12.183234930793473,11.805629124630348
12.18926832624098,11.654706510156771
12.200661463081367,11.522320523195743
12.201147957246047,11.517897900480731
12.184108477424536,11.767163017834045
12.182782791021234,11.846618144018795
12.190995091793164,12.111744979773894
12.22153887909547,12.41510969466113
12.187343498594531,11.687654708409545
12.20591932435793,11.47749647854614
12.188808899065146,11.662051641384895
12.182851677665619,11.836151503840892
12.18279907335415,11.843685582773368
12.194785732937895,11.58194495646605
12.182737701370355,11.86357964927646
12.184028326651594,11.770007691360592
12.184041476423936,11.769539028789332
12.237692118959256,11.283613385359915
12.200126797376752,11.527259694500385
12.18366075346276,11.784455123948641
12.18620723812729,12.023427347299156
12.183444712939037,11.794373829429027
12.187250222801042,12.046140972489969
12.18895849646374,12.0784231447678
12.184100337135714,11.9635116229125
12.201746981253596,11.51253390395218
12.183874911592294,11.775759765994135
12.184672648807343,11.749082488903323
12.185330085275055,11.731169850843347
12.182980056281707,11.906043023340409
12.186672397781905,11.700804619142717
12.185560492709573,11.725471379741986
12.184043354961682,11.961412057862097
12.185743938991976,11.721083101083279
12.195418226039147,11.574868015665583
12.183539270277361,11.940274061064105
12.193864774334905,11.592620712352696
12.208680513585918,12.310703514442537
12.183903716199707,11.956023060648462
12.183084010657653,11.81529695206302
12.182740832601501,11.869397578519019
12.197612616411421,11.551674884056991
12.187570111977818,12.052576598434577
12.221852876881664,12.417442212217056
12.195188630456762,12.16974179497845
12.183874911592294,11.954877577808592
12.189429810154357,12.086554858586021
12.184801634377994,11.745350019063395
12.188966633508086,11.659496029256582
12.195356291961733,11.57555547250629
12.185711382174143,11.721860915205815
12.184486055614046,11.976791827550011
12.184185496811148,11.966595886644532
12.22097203960362,11.374018029386647
12.182759619971486,11.8519596845525
12.183930642184183,11.95708484756037
12.195067262108223,12.16820701010713
12.187593273881859,12.053040585408963
