#######################################################################################################################################
#
# Rank 2 Net:
#
# LAYER | NODES | NODES TOTAL | ACTIV | SHAPE | BATCH SIZE | LEARNING RATE | LOSS FUNC | OPTIM | HYPER LOSS | LOSS VALUE | PRED TIME
# ___________________________________________________________________________________________________________________________________
#   2   |   4   |      0      |  rel  |  lin  |     4      |   1.000e-03   |    MSE    | Adam  |   681.69   |    6.81    | 2.980e-04 | 
# ___________________________________________________________________________________________________________________________________|
#
#
# Raw Loss Plot Data:

21.516824216534243,26.720830967939367
16.679628951887874,21.243259931782994
15.19508003115878,20.385171983979095
15.197167604466372,21.707646667202898
15.227451852394484,17.79053435939935
15.076835679979196,19.61516659990905
15.028284490147133,20.175661377306042
15.067270117183792,18.0697484239673
14.993085157467174,18.575960666874423
15.028770321550919,17.430362457516214
15.129519961571091,16.342576402354585
14.872635853849543,21.19454217868512
14.84223368077614,21.163128093990647
14.790430036976982,20.98198108552759
14.788740586829267,17.806514550838376
14.685969106553125,20.464213327162355
14.682150787872072,20.762083648604264
14.744885091194813,16.676147714262147
14.683865491134096,21.690001769428523
14.50340283683992,18.873066177839917
14.467922640187876,18.593763950887624
14.444657570334394,17.96271467936692
14.54536654705825,21.541766384737567
14.359521643021617,19.989053400783515
14.31122859988219,19.83677288758809
14.376718965667147,20.625833760373105
14.485159283816628,21.946218469862938
14.247122490790137,20.28494675717455
14.384376718478336,15.499998523342924
14.135127665021116,20.019642911273962
14.270318252660891,15.223151915685754
13.964418153479736,18.082581019537145
13.908615494035972,17.876611596930218
13.924878893450586,16.147152373875596
14.185917837509779,14.216451136277163
13.826598829975437,15.85366709553271
13.78959973723262,19.5260829102603
13.644705145792818,18.540598269195293
13.584508240482693,18.510414285253553
13.570379965289982,15.864684590721806
13.579498748292693,19.603429128439494
13.390097964941937,16.796462567610963
13.323177729781133,17.753868003946703
13.650595046267672,20.65681657576796
13.161352767289504,17.35868233879123
13.1057342093085,17.170419424774
13.102471481027266,14.887007795343992
12.924803765170443,16.327248406493474
12.889840766864314,17.39742451165321
13.028259080474596,19.10181412794386
12.699385164051128,16.58999229168842
12.585702904587373,15.755617623385506
12.624450067308006,17.41776156596335
12.392645691551426,15.029571376026341
12.327738205869759,16.14886270303771
12.25004982451602,14.98775847325858
12.084925544455748,14.424412463832203
12.116725969409949,12.398786399273305
11.878777154222883,14.143168689549547
11.784535402730272,13.159387499808537
11.669936748159978,14.958008545702878
11.536397637867047,12.598996416118204
11.419417966317422,14.307691540966534
11.907505239565232,8.891314488175341
11.413897398917156,9.910400291388177
11.145921900507245,10.702423919214844
10.918188518025174,13.352839570104965
10.745878982200463,11.03159165326096
10.615369314057242,13.199566712637472
10.423321076001542,11.560253028080405
10.470353917477029,9.507931259529462
10.512484440015239,8.854380119593133
10.106291641215618,12.770836054857138
10.082432688273908,8.348797246688207
9.702203040312504,10.494710407305345
9.916386661797207,12.319790458383476
9.581005266999362,11.649677295062794
9.375601380451133,9.15775679861174
9.217460516277823,8.97732909857607
8.969922989224445,10.091708233656094
9.155907946762563,11.810360669370983
8.702030900707891,9.91083716435397
8.53888559114548,7.7837184682746186
8.38455020068883,9.06239645010884
8.273549080043148,9.29467378090051
8.065053136358443,7.761774286571569
7.917945142879214,7.543265101312023
8.234852149066928,6.114632064217905
7.692845416714725,7.4359649869311
7.785689102672081,9.144574634134592
7.525050734035266,8.018304863911387
7.308111455225091,6.922116380878733
7.4757111482206735,8.080335185586412
7.156702285533454,6.614010314951819
7.021185559531735,6.4604925996495774
6.862996112282669,6.508384871757049
7.617197516019056,6.951529124705647
7.156714012061642,7.84961715056221
6.620790403725854,6.747006635631816
6.591997103440472,7.463066971549041
7.2040983192050785,7.305249393495877
6.445219577928656,6.856429664671113
6.7245197450823175,6.764119392591068
6.47755194492632,6.631585644596705
6.424682894351188,7.069647219218171
6.768251116429474,7.880096239770608
6.258419621766295,6.687430408151339
7.160835229758058,8.910187931497818
6.050953990029433,6.789659761379282
6.104107471304895,7.545927695139508
6.060600061702649,7.234940245196397
6.014876044083003,7.427723846708947
6.113308394009227,6.564067834944124
6.002718309708768,6.977981269336773
6.62496430009544,9.276112994020288
6.1665294047707535,8.274488690302109
6.358026984931197,9.358495807907438
9.45501458064528,9.739198619295827
7.478702059653822,7.895086435976681
6.450432684527988,7.213329839981747
5.8242783521011345,7.371805566037861
6.073681773893603,7.024795214291615
5.937719722496986,7.833713873960551
5.9219545545241745,7.4851318486386
5.952074974551778,7.5277653780464
5.7962001191757695,7.714280289945764
6.091469675506658,7.261664904907284
7.507793192287869,11.807873985672588
5.79729022160994,7.671551046893183
5.783292832173209,7.665833497040339
5.903109891436959,8.884921263956098
6.253351762387924,9.810057901100748
5.816672191599032,7.715357973368868
7.666949087276161,6.538997745535112
6.072227303674512,7.091319470212387
5.782555345137657,7.925762960489001
5.865047709733585,7.580162922660834
5.924432126930928,8.282010946760794
5.81959183090783,7.854524180996789
5.901975023124376,7.162277415280527
6.037487540222327,9.33544511973029
5.765215107063473,8.595097994420506
6.498801487687341,10.481194504083104
5.751136667436212,8.40303607750343
5.911570256947982,9.226024175923591
6.345740997116904,6.62674992320351
6.456257279309788,7.67743153776638
5.771257993127858,8.620264937363123
5.921550973366334,9.211489543598061
6.01024325521159,7.358833568442563
6.25863386804877,10.033696431869666
6.065089980147463,9.587399048752458
6.5241888835608455,6.343642360732429
5.750076956855937,8.193001100256767
5.839430900958613,8.814464593597126
5.807726797272562,8.311909360624567
6.097833605184195,7.582306956604941
5.865708165907818,8.588660602351382
5.826392194857877,7.948389708381115
5.773169897172704,7.666280598525731
6.178815816366282,10.041850065928191
6.9950546779499705,11.458261792508672
6.777004336781976,10.89742798863925
5.866732360009648,7.659804410504078
6.063526184694882,9.253537300712825
7.502572699210158,7.076445997226302
6.83901409561706,11.485531537215977
6.271548242044776,7.437938260541489
6.01550768452977,8.217764559654295
5.749406866911496,8.213433812670386
5.900842199183772,8.906197316867209
5.817053211269787,9.047614559851278
6.0408189200718185,9.718767270382566
5.826697944423314,7.818646995786839
5.886523693475433,8.859103297889453
7.357191405751204,6.490771858857039
5.790288344929952,8.873540194092314
5.760900034522702,8.41308406712472
6.217499113554483,8.755224793324306
5.919706002745031,7.075214655015831
5.902845582260947,9.218591927935039
5.789748095894675,8.804807078269624
6.735992591400784,11.42621259869542
5.950645591268301,9.558677158529632
6.847375475561444,7.502942588841733
6.661046552022654,10.525201979486397
6.135385855406859,6.783090368070165
5.8139544892421124,8.577117694016547
5.759687141822869,8.208082114569256
5.753268764011226,7.9750293599607724
6.5082380469360475,6.852277624898282
6.030324598087634,6.847962916068801
6.384804759076306,7.331882188731851
5.880875591558511,7.189088596096816
6.991915257444497,11.46107196793986
6.384345889480255,10.72591309828642
6.014898558511977,7.636671295408824
6.02299860086287,7.416309848160068
5.904391526180627,7.31050173852283
5.824849453400934,7.389025783306429
